l: 79
order: 49269609804781974450852068861184694669
random P: [2 2 1 2 1 2 1 2 0 2 2 1 1 1 1 2 1 2 1 1 0 2 2 2 2 1 2 1 2 2 1 0 0 1 1 1 2 2 1 2 2 1 1 1 2 2 0 0 0 1 2 2 2 1 2 1 1 2 2 1 2 0 2 1 1 1 1 0 2 0 0 0 0 0 2 1 2 1 1] [0 1 0 0 1 0 1 1 1 1 2 2 2 2 0 2 0 1 0 1 2 1 0 2 2 0 2 0 2 1 1 0 2 0 1 2 1 2 2 0 1 0 2 0 0 1 0 2 2 2 1 2 1 2 1 2 1 1 1 1 2 2 1 1 1 2 1 0 0 0 1 1 1 2 0 1 1]
secret x: 26342996620482534729937938774058718726
xP: [0 2 1 0 0 1 1 2 1 0 0 1 0 1 2 2 2 1 2 2 0 0 0 2 2 0 1 0 2 0 1 2 1 0 2 2 0 0 2 0 1 2 0 2 0 2 2 1 1 2 0 2 0 2 0 0 1 0 0 1 1 0 0 1 0 0 2 1 1 1 0 2 2 0 2 0 0 1 2] [1 2 1 1 2 0 2 0 1 1 2 0 0 1 2 0 0 0 0 1 0 2 0 1 0 2 2 2 0 2 2 2 2 2 1 2 2 1 0 1 0 2 2 1 1 1 1 0 1 2 0 0 2 1 0 0 0 1 0 0 2 0 0 2 2 1 2 1 1 1 1 2 0 1 0 2 2 1 1]
H(m) = [1 2 0 0 2 2 0 1 1 1 2 2 2 0 2 1 0 0 0 0 0 2 1 2 1 0 1 0 0 2 0 2 2 2 2 0 0 0 2 2 0 1 1 2 1 1 2 1 2 1 2 2 1 2 2 0 0 1 0 2 0 1 0 2 2 2 2 1 0 1 1 1 1 2 1 2 0 1] [0 0 1 1 0 1 0 2 2 1 0 1 0 2 1 0 0 1 1 2 0 2 2 1 1 0 1 1 0 0 1 1 0 0 2 2 0 1 2 2 1 2 1 2 0 2 1 0 0 0 1 2 1 0 1 1 1 2 2 1 0 0 0 1 1 0 2 1 1 1 1 1 2 0 0 2 2 0 1]
sig = [0 1 2 1 1 1 0 2 1 0 2 0 0 2 0 1 0 1 0 1 2 2 0 0 1 2 1 1 2 1 2 2 0 0 0 1 2 1 2 2 1 1 1 2 2 1 1 2 1 2 2 2 1 1 2 2 1 1 0 0 0 1 2 2 2 0 2 2 1 0 0 0 0 1 2 1 2 1 1] [2 2 2 0 1 0 2 2 1 1 0 0 1 1 2 0 1 0 1 2 1 2 2 2 0 1 1 2 0 1 0 0 0 1 0 0 1 1 1 2 1 1 0 1 1 0 0 0 0 1 1 1 0 1 1 2 0 1 0 0 1 0 2 0 0 0 2 0 2 0 1 1 1 1 2 0 0 2 2]
verification time: 1.62
random P: [1 1 0 1 1 2 1 0 0 0 1 1 2 1 2 2 1 1 1 0 2 1 2 0 1 2 1 2 1 0 0 2 1 2 0 1 1 2 1 2 1 0 0 2 2 1 0 2 2 0 1 0 0 0 1 2 2 2 2 0 0 0 2 2 1 0 0 2 0 0 0 0 1 2 2 0 1 0 2] [1 0 0 0 2 0 1 0 0 2 1 0 1 1 0 2 1 0 1 2 1 0 1 1 1 1 2 0 2 0 1 0 0 2 2 1 2 2 2 0 1 1 1 0 1 1 1 1 0 2 2 2 2 0 2 1 2 2 2 1 0 2 0 0 1 0 0 1 2 1 0 2 0 0 2 2 0 1 1]
secret x: 47464134530779911089809807008926086209
xP: [2 0 1 2 1 2 1 1 2 1 0 2 1 2 2 1 0 2 2 1 0 1 1 1 2 1 0 2 1 1 1 2 1 0 1 2 0 1 0 1 2 0 0 0 0 0 2 0 0 1 0 1 1 1 1 1 2 1 2 2 1 1 0 1 0 2 1 0 0 1 2 0 0 0 0 0 0 2] [2 0 0 1 1 1 2 1 0 2 2 1 1 2 2 0 1 0 0 2 1 0 1 2 1 0 1 0 2 0 1 2 1 1 0 1 1 2 0 1 1 1 1 1 0 2 1 1 0 2 2 2 2 0 0 0 2 2 1 0 0 1 1 2 0 1 2 0 2 2 0 2 1 2 1 1 1 1 2]
H(m) = [1 1 1 2 2 2 2 1 1 1 2 2 1 2 1 0 1 1 1 2 1 1 1 2 1 1 2 2 2 1 1 2 2 2 2 1 1 1 2 1 2 1 1 1 1 2 1 1 1 2 1 2 1 2 0 0 1 1 1 2 2 2 1 2 2 1 2 1 1 1 2 1 2 1 0 1 1 2 2] [2 2 0 0 0 2 2 2 2 2 2 2 0 0 1 1 1 2 0 1 2 1 0 1 0 0 0 0 1 1 0 1 1 1 0 1 0 2 0 1 1 2 1 2 1 1 2 0 1 1 0 1 2 1 1 0 0 0 1 1 1 1 2 2 0 2 0 0 2 2 1 0 1 2 1 2 1 2 2]
sig = [2 1 2 0 1 0 2 0 2 1 0 2 1 2 2 2 0 0 2 2 2 0 1 0 1 2 1 1 2 0 2 2 1 2 0 2 2 2 0 0 0 1 0 1 1 2 1 1 2 0 1 1 0 1 0 0 2 1 2 0 2 2 0 1 0 1 2 1 0 1 1 1 1 2 0 2 1 0 2] [1 0 2 1 2 1 1 1 0 1 1 0 0 0 0 2 2 0 0 1 0 0 0 1 2 1 0 1 2 1 1 1 2 1 2 1 2 2 2 1 0 1 0 1 1 0 2 0 2 0 0 2 1 1 2 2 0 2 1 1 2 1 2 2 1 2 2 1 2 0 0 2 1 1 2 1 1 1 1]
verification time: 1.63
random P: [1 1 2 2 2 2 1 1 2 1 2 2 2 2 1 2 2 2 2 2 2 2 2 1 1 0 1 2 2 2 2 0 0 1 0 2 2 0 2 1 0 2 2 2 2 2 2 2 1 1 2 1 1 2 2 2 0 1 1 2 1 2 2 1 1 1 2 1 2 2 1 2 2 0 1 2 1 2] [2 1 0 0 0 0 0 0 0 1 1 1 2 2 0 1 0 0 2 1 1 0 0 1 0 2 1 1 1 1 1 1 0 1 2 0 0 0 1 0 1 1 2 0 2 1 0 2 0 1 0 1 1 0 1 1 1 0 2 0 0 1 2 2 1 0 2 2 0 1 1 1 0 2 0 0 2 1 2]
secret x: 1096366725886502403110378103790449686
xP: [0 1 0 2 1 2 1 2 2 1 2 1 1 2 1 2 0 0 2 0 0 2 0 0 2 1 1 0 2 2 1 2 1 1 0 2 0 1 1 0 2 1 1 2 2 0 0 1 1 0 0 2 2 0 2 0 1 1 1 0 1 2 0 1 2 1 2 2 0 0 2 1 1 2 0 1 0 1 2] [1 2 2 0 1 1 1 2 0 2 1 2 2 2 1 2 0 2 0 0 0 1 2 0 0 2 1 2 2 1 2 2 0 2 2 1 1 0 2 0 1 0 1 1 1 1 2 0 0 2 2 2 0 2 0 2 0 1 2 2 1 2 1 0 0 1 0 2 2 2 2 0 0 0 1 1 2 0 2]
H(m) = [1 0 1 2 2 0 0 0 1 1 2 2 0 1 1 0 1 0 2 1 2 1 1 0 0 2 2 1 1 2 2 2 2 0 2 2 1 0 1 1 2 0 2 1 0 2 0 0 0 0 1 0 1 2 1 1 0 1 0 2 0 1 2 0 0 0 1 1 1 2 1 0 0 0 2 1 2 0 1] [1 2 0 2 1 2 0 2 2 1 0 2 0 1 2 1 2 0 1 1 2 2 2 0 0 2 2 2 2 1 0 1 1 1 1 2 2 0 2 1 0 1 2 0 2 0 0 1 2 2 0 1 0 1 0 2 1 0 2 0 1 0 2 2 2 0 0 1 2 1 2 0 1 0 1 2 2 2 2]
sig = [0 1 0 0 1 0 1 0 0 0 1 1 2 0 2 0 1 0 1 0 0 1 0 1 1 0 1 0 1 0 2 0 0 0 2 2 0 2 2 2 0 2 2 1 1 0 1 0 2 2 1 2 2 1 2 0 0 2 1 1 2 0 2 1 0 0 0 2 1 0 0 2 2 1 0 0 1 1 1] [1 0 1 0 1 2 0 2 0 1 1 2 2 2 1 0 1 1 0 1 1 1 0 1 1 2 1 1 1 2 1 1 2 2 2 0 2 0 0 1 1 1 1 2 2 2 1 1 2 0 2 0 0 0 0 1 1 2 1 0 1 1 2 1 0 2 1 0 2 1 0 2 2 1 0 1 0 1 2]
verification time: 1.65
random P: [2 1 1 2 2 2 1 2 2 2 2 2 0 0 2 1 0 0 2 0 1 1 0 1 2 0 0 1 2 1 2 2 2 2 1 1 1 1 0 1 0 0 0 0 2 2 1 2 0 1 0 1 2 0 0 1 0 1 0 1 2 2 2 1 2 0 0 1 2 2 1 0 2 2 2 1 1] [0 1 2 1 1 0 2 0 0 0 1 2 0 2 1 2 1 2 2 2 1 0 1 2 2 2 1 0 0 2 0 0 1 2 2 1 2 0 1 0 0 1 2 1 1 1 0 1 2 2 1 1 1 1 0 2 1 2 0 1 0 2 0 0 2 2 1 1 2 1 1 1 2 1 2 2 1 0 2]
secret x: 4022229205051095617028205575840400669
xP: [0 2 2 0 1 1 1 0 2 2 0 0 2 1 0 1 1 1 1 0 1 2 0 0 1 0 1 1 1 2 1 1 2 1 2 1 2 2 0 2 2 2 0 2 0 2 1 2 2 1 2 0 2 1 1 0 1 2 2 0 0 1 0 0 1 2 2 2 1 1 1 0 0 2 1 2 0 2 2] [1 1 2 0 0 2 0 1 2 0 0 2 0 0 1 2 1 2 1 1 1 2 2 2 2 0 0 0 2 0 2 0 1 1 2 1 1 2 1 0 2 2 0 0 0 1 0 0 0 0 2 0 1 0 2 0 2 1 2 2 2 2 1 2 1 2 1 2 2 0 1 1 2 2 2 1 0 2]
H(m) = [0 2 2 0 0 2 1 2 1 2 0 0 0 0 1 0 2 2 2 0 0 1 2 2 0 2 0 2 1 0 2 1 2 1 1 1 0 2 2 2 2 1 1 1 1 1 2 0 1 2 0 1 0 0 2 1 2 1 2 2 0 0 1 2 1 1 1 1 1 2 2 0 2 1 0 2] [1 1 0 0 0 0 0 2 1 0 0 1 0 0 0 2 2 1 2 2 2 0 2 2 0 1 0 0 0 0 0 1 0 2 2 1 1 1 1 2 0 0 0 2 1 0 0 2 1 2 0 1 2 1 0 1 2 1 1 1 2 1 2 0 1 2 2 1 0 0 1 1 2 1 2 2 2 1 1]
sig = [1 0 1 1 0 2 2 2 0 2 0 1 1 0 1 0 0 2 0 0 1 2 0 2 0 1 1 1 1 0 0 0 0 0 1 1 0 2 2 1 0 0 0 0 2 2 1 0 2 1 2 1 0 0 1 2 2 0 2 0 1 2 2 0 0 0 2 2 0 1 0 2 0 2 1 2 2] [1 2 2 0 1 1 1 1 0 2 0 1 2 1 2 1 2 0 0 0 0 0 0 2 1 0 0 2 0 1 2 2 2 0 2 1 1 2 2 0 1 1 1 2 0 1 0 0 0 0 2 0 1 1 1 0 0 0 2 2 0 0 1 1 1 0 2 2 2 0 2 1 0 2 2 0 0 2 1]
verification time: 1.63
random P: [1 0 0 0 2 0 0 2 0 1 2 1 0 1 2 0 1 1 2 0 1 2 2 0 2 1 1 1 2 2 0 0 2 1 1 2 0 1 1 1 0 0 0 0 0 1 0 0 1 2 1 1 2 0 0 0 2 2 1 0 0 1 2 2 0 0 0 2 2 1 1 0 2 2 1 2 0 2 1] [1 1 2 0 0 1 1 1 1 2 0 2 2 0 2 0 2 0 2 2 1 1 2 1 0 2 0 2 0 1 1 0 2 0 2 1 0 0 1 2 0 2 2 0 0 2 2 0 0 0 2 1 0 2 1 0 1 2 1 0 2 1 0 1 0 0 0 2 0 1 2 0 0 2 2 2 2 2 2]
secret x: 6056313580752906358097721037710608382
xP: [2 0 2 2 0 0 2 1 1 1 0 0 0 2 1 2 1 1 0 2 0 0 0 0 2 1 2 1 1 0 1 0 0 1 0 1 2 2 2 0 2 0 2 1 2 2 1 0 0 1 2 1 2 2 0 1 2 2 0 1 1 0 0 1 2 1 2 1 2 1 0 1 0 1 2 1 0 0 1] [2 1 0 2 0 0 1 1 0 1 1 0 1 2 1 2 2 1 2 1 2 2 2 2 2 1 1 1 0 0 1 0 1 1 0 2 0 1 0 0 2 1 0 0 1 0 2 1 1 0 1 0 2 2 2 2 1 2 1 0 1 2 0 0 2 2 1 1 0 0 1 0 1 2 1 1 0 2]
H(m) = [1 2 2 2 1 2 2 1 1 2 2 2 2 1 1 1 1 1 2 2 2 1 1 1 2 1 1 1 1 2 1 2 2 2 2 1 2 2 0 1 2 2 2 2 2 2 1 2 2 2 1 2 1 1 1 1 2 1 1 2 2 1 2 1 2 1 2 1 1 1 2 1 1 1 2 1 1 1 2] [2 0 2 2 1 0 2 1 1 0 1 2 2 1 0 2 1 0 2 0 2 1 0 1 2 1 1 1 1 1 1 1 2 2 0 1 1 1 2 2 1 2 2 1 0 1 2 2 1 1 1 2 1 0 1 2 0 0 0 1 0 0 2 2 2 1 2 0 2 0 1 0 2 2 2 1 2 0 2]
sig = [2 1 1 2 0 2 1 2 0 1 2 0 0 1 1 1 2 1 2 2 0 0 1 1 1 0 0 2 2 1 1 0 1 1 2 2 0 2 2 1 1 1 0 0 0 2 2 1 1 0 0 2 2 0 1 0 2 0 0 2 1 2 0 0 0 0 2 1 0 1 0 1 1 2 2 2 1 0 2] [2 1 2 0 0 1 1 1 1 1 2 0 1 1 0 1 1 2 0 1 2 2 1 0 0 0 0 2 1 1 0 1 2 0 0 2 1 1 2 1 1 1 2 0 2 1 0 2 2 0 0 1 2 0 2 1 1 0 1 1 0 2 0 1 2 1 2 0 0 0 1 0 0 2 1 1 0 1 1]
verification time: 1.62
random P: [0 2 1 1 2 2 2 0 1 1 1 2 2 2 0 1 2 1 2 1 1 1 2 1 2 2 1 1 2 1 2 1 2 1 2 1 2 0 1 1 0 1 0 1 1 2 1 1 1 1 2 0 1 1 0 1 0 2 2 2 1 0 1 2 1 1 2 2 1 1 2 0 2 1 2 2 2 0 1] [1 2 2 1 1 2 2 2 0 2 2 1 2 2 0 2 0 0 0 0 1 2 2 2 0 2 1 1 1 0 2 2 0 1 1 2 0 0 2 2 0 0 1 2 0 1 1 0 1 1 0 0 1 0 2 2 1 0 0 2 0 1 2 1 0 1 1 0 2 1 2 1 2 0 2 1 2 0 1]
secret x: 10333867371824780259721439031132487483
xP: [2 0 1 1 2 0 1 2 0 0 1 0 0 2 0 0 2 2 0 1 0 2 1 0 2 1 0 2 1 2 2 1 2 1 2 2 1 2 1 0 0 1 1 0 2 1 0 0 1 2 2 0 2 1 0 2 0 1 1 1 1 1 1 1 0 1 0 2 0 1 0 0 0 0 1 1 2] [2 0 1 0 1 1 1 2 1 1 0 1 1 0 1 2 1 0 1 1 0 1 2 1 2 0 0 1 0 0 2 0 2 0 1 2 2 2 2 1 0 1 0 2 0 0 2 1 0 1 2 1 2 2 2 0 0 0 1 0 2 1 2 1 0 1 0 0 2 2 2 0 1 1 2 1 2 2]
H(m) = [1 1 2 2 1 1 1 2 0 2 2 2 2 0 1 2 2 1 1 2 1 1 2 1 2 2 2 1 1 1 1 2 2 2 1 2 2 1 2 1 0 1 1 2 1 2 2 1 1 2 1 1 1 1 2 2 1 1 2 0 1 1 2 2 1 0 0 1 1 2 1 0 1 1 2 1 1 1 2] [1 2 2 2 1 0 0 1 0 0 0 2 1 2 0 1 1 1 2 1 1 0 0 2 1 0 1 0 0 0 0 1 0 0 2 1 2 2 1 2 0 1 1 1 0 2 2 1 0 2 0 0 2 2 1 2 2 2 2 1 2 1 0 0 2 2 1 1 1 1 1 0 1 1 0 1 0 1]
sig = [0 0 1 2 2 1 0 2 2 1 1 2 0 0 1 1 1 1 2 1 2 1 1 2 1 0 2 0 1 2 2 1 2 0 2 0 1 1 2 0 2 0 0 2 0 0 0 2 0 0 0 1 2 1 0 2 2 1 1 2 2 0 0 0 2 1 0 0 2 1 2 1 2 1 2 0 2 2 2] [1 1 2 1 1 2 0 0 0 0 2 0 2 2 0 0 0 2 1 0 0 1 2 0 1 2 1 2 1 0 2 1 1 2 2 2 0 2 1 0 1 1 1 0 1 0 0 2 2 2 0 1 1 1 2 2 0 2 1 1 2 0 1 2 0 2 2 2 1 1 0 1 1 0 2 1]
verification time: 1.63
random P: [2 1 0 2 1 2 2 0 1 0 2 0 2 0 1 2 0 1 2 2 0 1 0 2 1 0 1 1 0 1 0 2 0 0 1 1 1 0 1 1 1 2 2 0 2 1 1 0 2 2 0 1 1 2 2 1 2 0 1 2 2 2 1 2 0 1 2 1 2 0 1 1 1 2 0 1 0 1] [1 1 2 1 0 1 2 1 0 0 2 0 1 0 2 2 2 2 0 0 0 0 2 2 2 1 2 2 1 2 2 2 2 1 1 1 0 0 2 1 1 0 1 1 0 1 0 2 2 2 0 0 0 2 0 0 2 2 1 2 0 2 0 1 1 0 2 1 1 2 2 0 0 0 2 1 1 2 1]
secret x: 45477618949706032457000464482018619669
xP: [2 1 1 2 0 1 2 0 0 2 1 0 1 0 0 2 1 2 1 0 0 2 0 2 2 0 1 0 1 2 2 1 2 0 1 2 2 2 1 2 0 1 2 0 0 0 0 1 2 0 2 2 2 0 1 0 2 0 1 2 1 0 0 1 0 0 1 1 1 0 1 1 2 2 1 2 0 0 1] [2 1 1 1 1 2 0 1 2 0 2 1 1 2 1 0 2 1 0 0 0 2 1 2 1 1 1 2 0 2 0 0 1 2 1 1 0 1 1 2 0 0 0 1 1 0 2 2 2 2 0 0 0 2 2 0 2 1 1 2 2 1 1 1 1 2 2 2 1 2 2 0 0 1 2 0 2 2 2]
H(m) = [1 2 0 2 1 0 0 1 2 0 1 1 2 1 0 0 2 1 2 1 0 1 0 0 2 1 2 1 2 0 1 0 0 0 0 1 2 2 2 1 2 0 0 2 2 0 0 0 2 1 1 1 1 1 2 0 0 1 1 1 0 1 1 1 0 0 1 0 0 2 2 0 1 1 1 2 0 0 2] [2 1 2 0 1 1 0 1 0 1 2 1 2 0 1 0 1 1 2 1 0 1 2 0 1 1 1 0 0 1 1 2 0 0 2 1 2 0 1 0 1 1 2 1 2 2 2 2 1 2 2 2 2 2 1 2 1 0 1 0 1 2 0 1 0 1 2 2 0 1 1 0 0 0 1 0 1 1 2]
sig = [0 2 1 2 0 2 2 0 2 1 1 0 2 0 2 1 2 0 1 2 2 0 2 1 1 1 2 0 2 2 0 2 2 1 2 1 1 1 2 2 1 0 0 2 1 2 2 1 1 1 0 0 1 2 0 2 1 1 0 1 0 0 2 0 0 1 2 2 0 2 1 1 0 2 1 0 0 1 1] [0 2 1 2 0 0 2 1 0 2 2 0 1 0 1 0 2 1 1 2 0 2 0 2 2 2 2 0 0 1 0 2 0 2 1 2 1 1 0 0 0 2 1 1 0 1 1 2 2 0 0 0 0 1 2 1 1 0 0 2 2 0 1 0 0 2 0 1 2 0 1 1 0 1 0 0 0 2 2]
verification time: 1.63
random P: [1 1 1 0 0 0 1 2 2 2 2 1 2 1 1 0 0 1 2 2 1 0 2 0 1 2 0 0 1 0 2 0 0 2 2 0 1 2 1 1 2 1 2 0 0 0 0 0 0 1 0 0 1 1 2 0 0 0 0 2 1 2 1 1 2 1 1 1 0 1 0 2 1 0 0 1 1 2] [0 2 2 2 1 1 0 0 0 2 2 2 2 0 2 1 2 1 1 0 1 0 2 2 1 2 1 2 1 2 2 2 0 2 1 2 1 1 1 2 2 2 2 2 1 1 2 2 1 2 1 1 0 1 2 2 2 0 2 2 2 0 0 0 2 0 0 0 1 1 0 2 1 2 1 2 2 2]
secret x: 713013779825811719651392928574927507
xP: [2 2 0 0 2 0 1 1 2 2 2 2 0 0 2 0 2 2 0 2 2 2 0 0 0 0 1 2 0 1 1 2 1 0 2 2 2 0 1 0 0 1 2 1 2 1 2 2 1 0 0 0 1 1 1 2 1 2 0 1 2 0 2 0 2 0 0 0 1 2 2 1 1 0 1] [1 1 1 1 2 0 1 0 0 1 1 0 0 2 0 0 0 2 1 2 0 2 2 2 0 2 0 1 0 0 0 1 2 2 2 2 2 1 2 0 1 0 1 1 2 1 2 0 0 0 1 0 1 0 0 2 2 1 0 0 0 0 1 2 0 2 0 1 0 2 2 1 1 1 1 1 2 2]
H(m) = [1 2 0 1 0 2 1 0 0 2 2 1 1 1 0 2 1 2 0 2 2 0 0 1 1 2 1 0 1 0 0 1 0 1 2 2 0 2 0 1 2 0 1 2 2 2 2 2 2 2 2 0 2 0 0 2 1 0 0 0 1 1 2 2 2 2 0 1 1 1 1 1 2 0 2 2 1 2 2] [1 0 1 1 2 0 0 2 2 0 0 2 0 2 1 0 2 0 0 1 0 1 0 0 1 2 1 0 1 1 2 2 2 2 1 1 1 0 1 1 0 1 2 2 2 1 1 1 1 0 2 2 1 1 1 0 2 0 0 2 2 0 0 1 2 2 0 1 2 2 1 2 2 2 2 1 1 1]
sig = [0 0 1 1 2 2 1 0 0 2 1 1 1 2 1 1 0 2 2 2 0 1 2 1 0 1 0 0 0 2 1 0 1 0 0 2 1 1 2 2 2 0 2 0 1 2 0 1 0 2 2 2 0 0 1 1 2 0 2 2 0 0 0 1 2 1 2 0 1 2 2 2 1 2 0 0 2] [1 0 0 0 2 2 1 0 0 1 1 0 2 0 1 2 0 1 2 2 1 0 0 1 0 0 1 0 1 2 0 0 2 2 1 1 0 1 1 0 1 1 2 0 2 0 1 0 0 1 0 1 0 0 1 1 0 1 0 2 1 0 0 1 1 2 0 2 1 1 0 1 1 1 0 0 1 2 2]
verification time: 1.63
random P: [0 0 0 1 2 1 0 2 2 1 1 0 2 1 1 2 1 0 0 2 2 1 2 2 2 2 1 2 1 0 2 0 1 1 0 2 1 1 0 2 1 1 2 1 2 2 0 1 1 0 1 2 0 1 1 1 0 2 2 0 1 2 0 2 2 0 2 0 1 1 0 0 0 1 2 2 1 2 1] [2 1 2 2 2 1 1 2 0 1 0 2 0 1 0 2 0 1 2 2 0 1 1 0 2 1 0 1 2 2 2 2 1 1 2 1 0 0 0 2 0 1 0 0 1 2 2 2 2 0 2 2 1 0 1 1 2 1 2 1 1 2 0 0 2 0 2 0 0 0 1 0 0 2 2 2 2 0 1]
secret x: 12091017591128923309220998672042056570
xP: [1 2 0 0 0 0 2 0 1 1 1 2 2 1 0 2 0 2 1 0 0 2 0 1 0 2 0 2 2 0 0 0 1 2 2 0 0 1 0 0 0 1 0 0 0 2 2 0 2 2 1 0 0 1 2 0 0 1 2 1 1 0 2 2 2 1 2 2 0 2 0 0 2 2 2 2 0 1 1] [1 0 1 1 0 0 2 0 1 1 1 2 2 0 0 2 1 1 2 0 1 0 1 0 1 2 0 2 0 0 1 0 0 0 2 0 0 1 2 1 2 0 1 1 2 1 0 2 2 1 0 2 0 2 2 2 0 0 2 1 1 0 0 1 2 1 0 1 2 1 1 1 0 0 0 0 0 2 1]
H(m) = [1 1 1 2 1 2 0 1 0 2 2 2 1 2 1 1 1 1 2 1 2 1 2 1 2 2 1 1 2 2 1 1 2 1 2 1 2 1 1 1 1 2 2 1 1 2 1 1 2 2 1 1 0 1 2 1 1 1 2 2 2 1 1 2 2 2 2 1 1 1 1 2 0 1 1 2 2 2 1] [0 0 0 1 2 0 2 2 2 0 0 1 1 1 2 0 2 1 2 0 1 0 0 1 1 0 1 0 0 1 1 2 1 1 0 1 2 1 1 2 2 0 0 1 2 2 1 1 2 0 0 0 0 2 2 2 2 0 0 2 1 2 2 2 1 1 0 2 2 2 2 2 2 1 2 1 2 0 1]
sig = [2 0 0 0 1 1 1 0 2 2 2 1 2 1 1 0 2 1 2 0 0 0 1 1 2 0 1 1 2 0 2 0 1 2 2 0 0 2 0 2 2 1 0 2 0 2 1 2 0 0 1 2 1 1 1 1 2 0 1 1 2 0 1 1 1 2 1 2 2 0 1 0 1 0 1 0 1 0 2] [0 0 0 0 1 2 2 0 0 0 0 1 1 0 2 2 2 2 2 1 2 1 0 1 0 1 1 2 0 0 1 0 1 1 1 0 0 0 1 0 0 2 2 1 1 2 0 0 2 2 2 1 1 2 1 0 0 1 2 0 2 1 2 1 2 0 1 1 1 2 2 2 1 2 0 0 0 2 1]
verification time: 1.63
random P: [0 1 1 2 1 0 2 2 1 2 0 2 1 0 1 0 0 0 1 1 0 0 2 0 2 2 2 2 2 2 1 2 0 2 0 0 2 0 1 0 2 1 0 1 2 0 0 1 2 2 2 2 0 0 1 0 0 0 1 0 0 1 2 1 1 1 1 1 0 2 2 2 2 2 2 2 0 1] [2 1 0 1 1 2 2 0 0 2 2 2 2 1 1 1 2 0 1 1 1 0 1 0 1 0 1 0 2 2 0 0 1 0 2 2 1 2 1 0 0 0 1 1 2 2 2 2 1 2 0 1 0 0 1 0 1 2 1 0 1 2 1 2 1 0 2 0 0 2 0 0 0 2 0 1 2 1 2]
secret x: 2376193214788461731564043917009802660
xP: [1 0 0 1 1 1 2 0 2 1 1 1 0 0 0 1 0 2 1 1 1 2 1 1 2 0 2 2 0 1 0 1 2 0 0 0 1 1 2 0 1 2 2 0 1 2 2 1 0 1 0 0 0 1 2 0 2 1 2 2 1 1 2 2 0 1 1 0 1 0 0 2 1 2 1 0 2 2 2] [1 1 2 2 2 0 1 0 1 2 0 2 1 0 2 1 1 2 1 2 0 1 2 2 1 1 2 2 1 1 2 1 0 0 1 0 2 1 0 1 2 0 2 2 1 2 2 0 2 1 0 1 2 2 0 2 1 1 2 2 0 2 1 2 0 2 1 1 0 1 2 1 0 0 1 0 1 1 2]
H(m) = [2 2 0 1 2 2 2 2 2 2 2 2 0 1 1 1 2 2 2 1 1 1 1 2 0 2 1 0 2 0 2 1 2 1 2 0 2 0 1 0 2 2 1 1 0 2 2 1 0 0 0 1 0 0 1 0 0 2 0 2 2 1 2 0 2 0 1 1 1 1 2 2 1 1 1 1 1 1] [1 1 0 0 0 1 0 0 0 0 2 0 1 2 1 2 0 1 0 2 0 1 2 1 1 2 1 2 2 2 2 0 2 0 0 1 2 2 1 2 2 2 1 1 2 1 0 2 2 2 1 0 0 1 0 0 1 0 0 1 2 2 2 0 1 0 2 2 1 2 1 2 1 1 2 0 2 2]
sig = [0 2 2 2 1 1 1 1 0 0 1 1 1 1 1 0 2 1 1 2 2 2 2 0 2 1 0 1 1 0 1 0 2 1 0 2 2 0 0 2 0 0 0 1 2 1 2 2 1 0 2 1 0 0 0 1 0 0 1 2 0 1 2 0 1 2 1 2 1 1 1 0 2 2 2 2] [0 0 2 2 0 0 1 2 1 1 1 2 1 2 2 0 1 1 1 0 1 1 1 1 1 1 2 0 0 2 2 0 0 2 2 2 2 0 0 0 0 1 1 0 0 1 0 1 1 2 2 0 2 0 0 1 1 1 2 0 1 2 2 2 0 2 2 0 2 1 1 2 0 2 0 2 2 0 1]
verification time: 1.63
average verification time: 1.63
